acquire 1574
    0377 1574 1578 2460 2587
    2625 2658 2717 2774 2818
    2833 2866 2879 3076 3093
    3366 3722 3742 4209 4265
    4370 4431 4630 4657 4674
    4731 5058 5091 5113 5142
    5160 5170 5679 5704 5718
    6613 6634 6655 7960 8131
    8177 8213
allocproc 2455
    2455 2507 2560
allocuvm 1953
    0422 1953 1967 2535 6446
    6457
alltraps 3254
    3209 3217 3230 3235 3253
    3254
ALT 7710
    7710 7738 7740
argfd 5870
    5870 5922 5937 5957 5968
    5981
argint 3545
    0395 3545 3558 3574 3683
    3706 3720 5875 5937 5957
    6208 6276 6277 6331
argptr 3554
    0396 3554 5937 5957 5981
    6357
argstr 3571
    0397 3571 6007 6107 6208
    6257 6275 6307 6331
__attribute__ 1310
    0272 0365 1209 1310
BACK 8561
    8561 8674 8820 9089
backcmd 8596 8814
    8596 8609 8675 8814 8816
    8942 9055 9090
BACKSPACE 8050
    8050 8067 8109 8141 8147
balloc 4854
    4854 4874 5217 5225 5229
BBLOCK 3960
    3960 4861 4885
B_BUSY 3759
    3759 4258 4376 4377 4390
    4393 4417 4428 4440
B_DIRTY 3761
    3761 4194 4218 4223 4260
    4279 4390 4419 4739
begin_op 4628
    0338 2620 4628 5733 5824
    6010 6111 6211 6256 6274
    6306 6420
bfree 4879
    4879 5264 5274 5277
bget 4366
    4366 4398 4406
binit 4340
    0263 1231 4340
bmap 5210
    4973 5210 5236 5319 5369
bootmain 9217
    9168 9217
boot_part 4780
    4780 4824 4971 5109 5561
    5632
BPB 3957
    3957 3960 4860 4862 4886
bread 4402
    0264 4402 4577 4578 4590
    4606 4688 4689 4788 4806
    4839 4861 4885 5012 5034
    5120 5226 5270 5319 5369
brelse 4426
    0265 4426 4429 4581 4582
    4597 4614 4692 4693 4790
    4808 4842 4867 4872 4892
    5018 5021 5043 5128 5232
    5276 5322 5373
BSIZE 3905
    3757 3905 3924 3951 3957
    4182 4196 4219 4558 4579
    4690 4840 5319 5320 5321
    5365 5369 5370 5371
buf 3750
    0250 0264 0265 0266 0310
    0337 2120 2123 2132 2134
    3750 3754 3755 3756 4112
    4128 4131 4175 4206 4254
    4256 4259 4327 4332 4336
    4342 4353 4365 4368 4401
    4404 4415 4426 4505 4577
    4578 4590 4591 4597 4606
    4607 4613 4614 4688 4689
    4722 4769 4787 4803 4837
    4857 4881 5006 5030 5105
    5213 5259 5305 5355 7929
    7940 7944 7947 8118 8139
    8153 8187 8208 8215 8684
    8687 8688 8689 8703 8715
    8716 8719 8720 8721 8725
B_VALID 3760
    3760 4222 4260 4279 4407
bwrite 4415
    0266 4415 4418 4580 4613
    4691
bzero 4835
    4835 4868
C 7731 8124
    7731 7779 7804 7805 7806
    7807 7808 7810 8124 8134
    8137 8144 8155 8188
CAPSLOCK 7712
    7712 7745 7886
cgaputc 8055
    8055 8113
clearpteu 2029
    0431 2029 2035 6459
cli 0557
    0557 0559 1126 1660 8010
    8104 9112
cmd 8565
    8565 8577 8586 8587 8592
    8593 8598 8602 8606 8615
    8618 8623 8631 8637 8641
    8651 8675 8677 8752 8755
    8757 8758 8759 8760 8763
    8764 8766 8768 8769 8770
    8771 8772 8773 8774 8775
    8776 8779 8780 8782 8784
    8785 8786 8787 8788 8789
    8800 8801 8803 8805 8806
    8807 8808 8809 8810 8813
    8814 8816 8818 8819 8820
    8821 8822 8912 8913 8914
    8915 8917 8921 8924 8930
    8931 8934 8937 8939 8942
    8946 8948 8950 8953 8955
    8958 8960 8963 8964 8975
    8978 8981 8985 9000 9003
    9008 9012 9013 9016 9021
    9022 9028 9037 9038 9044
    9045 9051 9052 9061 9064
    9066 9072 9073 9078 9084
    9090 9091 9094
CMOS_PORT 7385
    7385 7399 7400 7438
CMOS_RETURN 7386
    7386 7441
CMOS_STATA 7425
    7425 7473
CMOS_STATB 7426
    7426 7466
CMOS_UIP 7427
    7427 7473
COM1 8313
    8313 8323 8326 8327 8328
    8329 8330 8331 8334 8340
    8341 8357 8359 8367 8369
commit 4701
    4553 4673 4701
CONSOLE 4037
    4037 8227 8228
consoleinit 8223
    0269 1227 8223
consoleintr 8127
    0271 7898 8127 8375
consoleread 8170
    8170 8228
consolewrite 8208
    8208 8227
consputc 8101
    7916 7947 7968 7986 7989
    7993 7994 8101 8141 8147
    8154 8215
context 2343
    0251 0374 2306 2343 2361
    2488 2489 2490 2491 2728
    2766 2928
CONV 7482
    7482 7483 7484 7485 7486
    7487 7488 7489
copyout 2118
    0430 2118 6467 6478
copyuvm 2053
    0427 2053 2064 2066 2564
cprintf 7952
    0104 0270 1224 1264 1967
    2408 2926 2930 2932 3390
    3403 3408 3633 4122 4329
    4812 4825 4972 5660 5865
    6152 6408 7119 7139 7361
    7562 7952 8012 8013 8014
    8017
cpu 2304
    0313 1224 1264 1266 1278
    1506 1566 1587 1608 1646
    1661 1662 1670 1672 1718
    1731 1737 1876 1877 1878
    1879 2304 2314 2318 2329
    2728 2759 2765 2766 2767
    3365 3390 3391 3403 3404
    3408 3410 7013 7014 7361
    8012
cpunum 7351
    0328 1288 1724 7351 7573
    7582
CR0_PE 0727
    0727 1135 1171 9143
CR0_PG 0737
    0737 1050 1171
CR0_WP 0733
    0733 1050 1171
CR4_PSE 0739
    0739 1043 1164
create 6158
    6158 6178 6190 6194 6214
    6257 6278
CRTPORT 8051
    8051 8060 8061 8062 8063
    8081 8082 8083 8084
CTL 7709
    7709 7735 7739 7885
cur_part 5622
    5622 5624 5629
d2 2408 4122 4329 5660 5865 6408 8506
    2408 4122 4329 5660 5865
    6122 6129 6408 8506 8529
DAY 7432
    7432 7455
deallocuvm 1982
    0423 1968 1982 2016 2538
DEVSPACE 0204
    0204 1832 1845
devsw 4030
    4030 4035 5308 5310 5358
    5360 5661 8227 8228
dinode 3928
    3928 3951 5007 5013 5031
    5035 5106 5121
dirent 3965
    3965 5414 5455 6055 6104
dirlink 5452
    0290 5421 5452 5467 5475
    6030 6189 6193 6194
dirlookup 5411
    0291 5411 5417 5459 5584
    6121 6168
DIRSIZ 3963
    3963 3967 5405 5472 5528
    5529 5603 6004 6105 6162
DPL_USER 0779
    0779 1727 1728 2514 2515
    3323 3418 3427
E0ESC 7716
    7716 7870 7874 7875 7877
    7880
elfhdr 0955
    0955 6415 9219 9224
ELF_MAGIC 0952
    0952 6431 9230
ELF_PROG_LOAD 0986
    0986 6442
end_op 4653
    0339 2622 4653 5735 5829
    6012 6019 6037 6046 6113
    6145 6151 6216 6221 6227
    6236 6240 6258 6262 6279
    6283 6308 6314 6319 6422
    6452 6505
entry 1040
    0961 1036 1039 1040 3202
    3203 6491 6871 9221 9245
    9246
EOI 7215
    7215 7334 7375
ERROR 7236
    7236 7327
ESR 7218
    7218 7330 7331
exec 6410
    0275 6347 6410 8468 8530
    8531 8626 8627
EXEC 8557
    8557 8622 8759 9065
execcmd 8569 8753
    8569 8610 8623 8753 8755
    9021 9027 9028 9056 9066
exit 2604
    0359 2604 2642 3355 3359
    3419 3428 3668 8416 8419
    8461 8526 8532 8616 8625
    8635 8680 8728 8735
EXTMEM 0202
    0202 0208 1829
fdalloc 5903
    5903 5924 6232 6362
fetchint 3517
    0398 3517 3547 6338
fetchstr 3529
    0399 3529 3576 6344
file 4000
    0252 0278 0279 0280 0282
    0283 0284 0351 2364 4000
    4770 5658 5664 5674 5677
    5680 5701 5702 5714 5716
    5752 5765 5802 5863 5870
    5873 5903 5919 5933 5953
    5966 5978 6205 6354 6556
    6571 7910 8308 8578 8633
    8634 8764 8772 8972
filealloc 5675
    0278 5675 6232 6577
fileclose 5714
    0279 2615 5714 5720 5971
    6234 6365 6366 6604 6606
filedup 5702
    0280 2579 5702 5706 5926
fileinit 5668
    0281 1232 5668
fileread 5765
    0282 5765 5780 5939
filestat 5752
    0283 5752 5983
filewrite 5802
    0284 5802 5834 5839 5959
FL_IF 0710
    0710 1662 1668 2518 2763
    7358
fork 2554
    0360 2554 3662 8460 8523
    8525 8743 8745
fork1 8739
    8600 8642 8654 8661 8676
    8724 8739
forkret 2783
    2417 2491 2783
freerange 3051
    3011 3034 3040 3051
freevm 2010
    0424 2010 2015 2078 2671
    6494 6502
FSSIZE 0162
    0162 4179
gatedesc 0901
    0523 0526 0901 3311
getcallerpcs 1626
    0378 1588 1626 2928 8015
getcmd 8684
    8684 8715
gettoken 8856
    8856 8941 8945 8957 8970
    8971 9007 9011 9033
growproc 2529
    0361 2529 3709
havedisk1 4130
    4130 4164 4262
holding 1644
    0379 1577 1604 1644 2757
HOURS 7431
    7431 7454
ialloc 5003
    0292 5003 5023 6177 6178
IBLOCK 3954
    3954 5012 5034 5120
I_BUSY 4025
    4025 5114 5116 5139 5143
    5163 5165
ICRHI 7229
    7229 7337 7407 7419
ICRLO 7219
    7219 7338 7339 7408 7410
    7420
ID 7212
    7212 7248 7366
IDE_BSY 4115
    4115 4139
IDE_CMD_READ 4120
    4120 4198
IDE_CMD_WRITE 4121
    4121 4195
IDE_DF 4117
    4117 4141
IDE_DRDY 4116
    4116 4139
IDE_ERR 4118
    4118 4141
ideinit 4151
    0308 1233 4151
ideintr 4204
    0309 3374 4204
idelock 4127
    4127 4155 4209 4211 4231
    4265 4280 4283
iderw 4254
    0310 4254 4259 4261 4263
    4408 4420
idestart 4175
    4131 4175 4178 4185 4228
    4275
idewait 4135
    4135 4158 4187 4218
idtinit 3329
    0406 1265 3329
idup 5089
    0293 2580 5089 5564
iget 5054
    4978 5019 5054 5074 5430
    5561
iinit 4967
    0294 2794 4967
ilock 5103
    0295 5103 5111 5131 5570
    5755 5774 5825 6016 6029
    6042 6116 6125 6166 6170
    6179 6224 6311 6425 8182
    8202 8217
inb 0453
    0453 4139 4163 7154 7441
    7864 7867 8061 8063 8334
    8340 8341 8357 8367 8369
    9123 9131 9254
initlock 1562
    0380 1562 2425 3032 3325
    4155 4344 4562 4969 5670
    6585 8225
initlog 4556
    0336 2795 4556 4559
inituvm 1903
    0425 1903 1908 2511
inode 4012
    0253 0290 0291 0292 0293
    0295 0296 0297 0298 0299
    0301 0302 0303 0304 0305
    0426 1918 2365 4006 4012
    4031 4032 4774 4964 4978
    5002 5028 5053 5056 5062
    5088 5089 5103 5137 5158
    5180 5210 5256 5287 5302
    5352 5410 5411 5452 5456
    5554 5557 5600 5604 5611
    5614 6005 6052 6103 6157
    6161 6206 6254 6269 6304
    6416 8170 8208
INPUT_BUF 8116
    8116 8118 8139 8151 8153
    8155 8187
insl 0462
    0462 0464 4219 9273
install_trans 4572
    4572 4621 4706
INT_DISABLED 7519
    7519 7567
ioapic 7527
    7107 7129 7130 7524 7527
    7536 7537 7543 7544 7558
IOAPIC 7508
    7508 7558
ioapicenable 7573
    0313 4157 7573 8232 8343
ioapicid 7017
    0314 7017 7130 7147 7561
    7562
ioapicinit 7551
    0315 1226 7551 7562
ioapicread 7534
    7534 7559 7560
ioapicwrite 7541
    7541 7567 7568 7581 7582
IO_PIC1 7607
    7607 7620 7635 7644 7647
    7652 7662 7676 7677
IO_PIC2 7608
    7608 7621 7636 7665 7666
    7667 7670 7679 7680
IO_TIMER1 8259
    8259 8268 8278 8279
IPB 3951
    3951 3954 5013 5035 5121
iput 5158
    0296 2621 5158 5164 5183
    5460 5592 5734 6035 6318
IRQ_COM1 3183
    3183 3384 8342 8343
IRQ_ERROR 3185
    3185 7327
IRQ_IDE 3184
    3184 3373 3377 4156 4157
IRQ_KBD 3182
    3182 3380 8231 8232
IRQ_SLAVE 7610
    7610 7614 7652 7667
IRQ_SPURIOUS 3186
    3186 3389 7307
IRQ_TIMER 3181
    3181 3364 3423 7314 8280
isdirempty 6052
    6052 6059 6128
ismp 7015
    0342 1234 7015 7112 7120
    7140 7143 7555 7575
itrunc 5256
    4774 5167 5256
iunlock 5137
    0297 5137 5140 5182 5581
    5757 5777 5828 6025 6239
    6317 8175 8212
iunlockput 5180
    0298 5180 5574 5585 5588
    6018 6031 6034 6045 6130
    6140 6143 6150 6169 6173
    6196 6226 6235 6261 6282
    6313 6451 6504
iupdate 5028
    0299 5028 5169 5282 5378
    6024 6044 6138 6142 6183
    6187
I_VALID 4026
    4026 5119 5129 5161
kalloc 3088
    0318 1294 1763 1842 1909
    1965 2069 2473 3088 6579
KBDATAP 7704
    7704 7867
kbdgetc 7856
    7856 7898
kbdintr 7896
    0324 3381 7896
KBS_DIB 7703
    7703 7865
KBSTATP 7702
    7702 7864
KERNBASE 0207
    0207 0208 0212 0213 0217
    0218 0220 0221 1315 1633
    1829 1958 2016
KERNLINK 0208
    0208 1830
KEY_DEL 7728
    7728 7769 7791 7815
KEY_DN 7722
    7722 7765 7787 7811
KEY_END 7720
    7720 7768 7790 7814
KEY_HOME 7719
    7719 7768 7790 7814
KEY_INS 7727
    7727 7769 7791 7815
KEY_LF 7723
    7723 7767 7789 7813
KEY_PGDN 7726
    7726 7766 7788 7812
KEY_PGUP 7725
    7725 7766 7788 7812
KEY_RT 7724
    7724 7767 7789 7813
KEY_UP 7721
    7721 7765 7787 7811
kfree 3065
    0319 1998 2000 2020 2023
    2565 2669 3056 3065 3070
    6602 6623
kill 2875
    0362 2875 3409 3685 8467
kinit1 3030
    0320 1219 3030
kinit2 3038
    0321 1237 3038
KSTACKSIZE 0151
    0151 1054 1063 1295 1879
    2477
kvmalloc 1857
    0418 1220 1857
lapiceoi 7372
    0330 3371 3375 3382 3386
    3392 7372
lapicinit 7301
    0331 1222 1256 7301
lapicstartap 7391
    0332 1299 7391
lapicw 7245
    7245 7307 7313 7314 7315
    7318 7319 7324 7327 7330
    7331 7334 7337 7338 7343
    7375 7407 7408 7410 7419
    7420
lcr3 0590
    0590 1868 1883
lgdt 0512
    0512 0520 1133 1733 9141
lidt 0526
    0526 0534 3331
LINT0 7234
    7234 7318
LINT1 7235
    7235 7319
LIST 8560
    8560 8640 8807 9083
listcmd 8590 8801
    8590 8611 8641 8801 8803
    8946 9057 9084
loadgs 0551
    0551 1734
loaduvm 1918
    0426 1918 1924 1927 6448
log 4538 4550
    4538 4550 4562 4564 4565
    4566 4576 4577 4578 4590
    4593 4594 4595 4606 4609
    4610 4611 4622 4630 4632
    4633 4634 4636 4638 4639
    4657 4658 4659 4660 4661
    4663 4666 4668 4674 4675
    4676 4677 4687 4688 4689
    4703 4707 4726 4728 4731
    4732 4733 4736 4737 4738
    4740
logheader 4533
    4533 4545 4558 4559 4591
    4607
LOGSIZE 0160
    0160 4535 4634 4726 5817
log_write 4722
    0337 4722 4729 4841 4866
    4891 5017 5042 5230 5372
ltr 0538
    0538 0540 1880
mappages 1779
    1779 1848 1911 1972 2072
MAXARG 0158
    0158 6327 6414 6464
MAXARGS 8563
    8563 8571 8572 9040
MAXFILE 3925
    3925 5365
MAXOPBLOCKS 0159
    0159 0160 0161 4634
mbr 4781
    4506 4771 4781 4804 4807
    4821 4823 4824 4825
memcmp 6715
    0386 6715 7045 7088 7476
memmove 6731
    0387 1285 1912 2071 2132
    4579 4690 4789 4807 5041
    5127 5321 5371 5529 5531
    6731 6754 8076
memset 6704
    0388 1766 1844 1910 1971
    2490 2513 3073 4840 5015
    6133 6334 6704 8078 8687
    8758 8769 8785 8806 8819
microdelay 7381
    0333 7381 7409 7411 7421
    7439 8358
min 4772
    4772 5320 5370
MINS 7430
    7430 7453
MONTH 7433
    7433 7456
mp 6852
    6852 7008 7037 7044 7045
    7046 7055 7060 7064 7065
    7068 7069 7080 7083 7085
    7087 7094 7104 7110 7150
mpbcpu 7020
    0343 7020
MPBUS 6902
    6902 7133
mpconf 6863
    6863 7079 7082 7087 7105
mpconfig 7080
    7080 7110
mpenter 1252
    1252 1296
mpinit 7101
    0344 1221 7101 7119 7139
mpioapic 6889
    6889 7107 7129 7131
MPIOAPIC 6903
    6903 7128
MPIOINTR 6904
    6904 7134
MPLINTR 6905
    6905 7135
mpmain 1262
    1209 1240 1257 1262
mpproc 6878
    6878 7106 7117 7126
MPPROC 6901
    6901 7116
mpsearch 7056
    7056 7085
mpsearch1 7038
    7038 7064 7068 7071
multiboot_header 1025
    1024 1025
namecmp 5403
    0300 5403 5425 6119
namei 5601
    0301 2522 5601 6011 6220
    6307 6421
nameiparent 5612
    0302 5555 5579 5591 5612
    6027 6112 6164
namex 5555
    5555 5606 5616
NBUF 0161
    0161 4332 4353
ncpu 7016
    1224 1287 2319 4157 7016
    7118 7119 7123 7124 7125
    7145
NCPU 0152
    0152 2318 7013
NDEV 0156
    0156 5308 5358 5661
NDIRECT 3923
    3923 3925 3934 4023 5215
    5220 5224 5225 5262 5269
    5270 5277 5278
NELEM 0434
    0434 1847 2922 3630 6336
nextpid 2416
    2416 2469
NFILE 0154
    0154 5664 5680
NINDIRECT 3924
    3924 3925 5222 5272
NINODE 0155
    0155 4964 5062
NO 7706
    4813 7706 7752 7755 7757
    7758 7759 7760 7762 7774
    7777 7779 7780 7781 7782
    7784 7802 7803 7805 7806
    7807 7808
NOFILE 0153
    0153 2364 2577 2613 5877
    5907
NPDENTRIES 0821
    0821 1311 2017
NPROC 0150
    0150 2411 2461 2631 2662
    2718 2857 2880 2919
NPTENTRIES 0822
    0822 1994
NSEGS 2301
    1711 2301 2308
nulterminate 9052
    8915 8930 9052 9073 9079
    9080 9085 9086 9091
NUMLOCK 7713
    7713 7746
O_CREATE 3803
    3803 6213 8978 8981
O_RDONLY 3800
    3800 6225 8975
O_RDWR 3802
    3802 6246 8514 8516 8707
outb 0471
    0471 4161 4170 4188 4189
    4190 4191 4192 4193 4195
    4198 7153 7154 7399 7400
    7438 7620 7621 7635 7636
    7644 7647 7652 7662 7665
    7666 7667 7670 7676 7677
    7679 7680 8060 8062 8081
    8082 8083 8084 8277 8278
    8279 8323 8326 8327 8328
    8329 8330 8331 8359 9128
    9136 9264 9265 9266 9267
    9268 9269
outsl 0483
    0483 0485 4196
outw 0477
    0477 1181 1183 9174 9176
O_WRONLY 3801
    3801 6245 6246 8978 8981
P2V 0218
    0218 1219 1237 7062 7401
    8052
panic 8005 8732
    0272 1578 1605 1669 1671
    1790 1846 1882 1908 1924
    1927 1998 2015 2035 2064
    2066 2510 2610 2642 2758
    2760 2762 2764 2806 2809
    3070 3405 4178 4180 4185
    4259 4261 4263 4398 4418
    4429 4559 4660 4727 4729
    4830 4874 4889 5023 5074
    5111 5131 5140 5164 5236
    5417 5421 5467 5475 5706
    5720 5780 5834 5839 6059
    6127 6135 6153 6178 6190
    6194 7963 8005 8012 8073
    8601 8620 8653 8732 8745
    8928 8972 9006 9010 9036
    9041
panicked 7918
    7918 8018 8103
parseblock 9001
    9001 9006 9025
parsecmd 8918
    8602 8725 8918
parseexec 9017
    8914 8955 9017
parseline 8935
    8912 8924 8935 8946 9008
parsepipe 8951
    8913 8939 8951 8958
parseredirs 8964
    8964 9012 9031 9042
PCINT 7233
    7233 7324
pde_t 0103
    0103 0420 0421 0422 0423
    0424 0425 0426 0427 0430
    0431 1210 1270 1311 1710
    1754 1756 1779 1836 1839
    1842 1903 1918 1953 1982
    2010 2029 2052 2053 2055
    2102 2118 2355 6418
PDX 0812
    0812 1759
PDXSHIFT 0827
    0812 0818 0827 1315
peek 8901
    8901 8925 8940 8944 8956
    8969 9005 9009 9024 9032
PGROUNDDOWN 0830
    0830 1784 1785 2125
PGROUNDUP 0829
    0829 1963 1990 3054 6456
PGSIZE 0823
    0823 0829 0830 1310 1766
    1794 1795 1844 1907 1910
    1911 1923 1925 1929 1932
    1964 1971 1972 1991 1994
    2062 2071 2072 2129 2135
    2512 2519 3055 3069 3073
    6457 6459
PHYSTOP 0203
    0203 1237 1831 1845 1846
    3069
picenable 7625
    0348 4156 7625 8231 8280
    8342
picinit 7632
    0349 1225 7632
picsetmask 7617
    7617 7627 7683
pinit 2423
    0363 1229 2423
pipe 6561
    0254 0352 0353 0354 4005
    5731 5772 5809 6561 6573
    6579 6585 6589 6593 6611
    6630 6651 8463 8652 8653
PIPE 8559
    8559 8650 8786 9077
pipealloc 6571
    0351 6359 6571
pipeclose 6611
    0352 5731 6611
pipecmd 8584 8780
    8584 8612 8651 8780 8782
    8958 9058 9078
piperead 6651
    0353 5772 6651
PIPESIZE 6559
    6559 6563 6636 6644 6666
pipewrite 6630
    0354 5809 6630
popcli 1666
    0383 1621 1666 1669 1671
    1884
printint 7926
    7926 7976 7980
proc 2353
    0255 0358 0428 1205 1558
    1706 1738 1873 1879 2315
    2330 2353 2359 2406 2411
    2414 2454 2457 2461 2504
    2533 2535 2538 2541 2542
    2557 2564 2570 2571 2572
    2578 2579 2580 2582 2606
    2609 2614 2615 2616 2621
    2623 2628 2631 2632 2640
    2655 2662 2663 2683 2689
    2710 2718 2725 2728 2733
    2761 2766 2775 2805 2823
    2824 2828 2855 2857 2877
    2880 2915 2919 3305 3354
    3356 3358 3401 3409 3410
    3412 3418 3423 3427 3505
    3519 3533 3536 3547 3560
    3629 3631 3634 3635 3657
    3691 3708 3725 4107 4766
    5564 5861 5877 5908 5909
    5970 6318 6320 6364 6404
    6485 6488 6489 6490 6491
    6492 6493 6554 6637 6657
    7011 7106 7117 7118 7119
    7122 7913 8180 8310
procdump 2904
    0364 2904 8165
proghdr 0974
    0974 6417 9220 9234
PTE_ADDR 0844
    0844 1761 1928 1996 2019
    2067 2111
PTE_FLAGS 0845
    0845 2068
PTE_P 0833
    0833 1313 1315 1760 1770
    1789 1791 1995 2018 2065
    2107
PTE_PS 0840
    0840 1313 1315
pte_t 0848
    0848 1753 1757 1761 1763
    1782 1921 1984 2031 2056
    2104
PTE_U 0835
    0835 1770 1911 1972 2036
    2109
PTE_W 0834
    0834 1313 1315 1770 1829
    1831 1832 1911 1972
PTX 0815
    0815 1772
PTXSHIFT 0826
    0815 0818 0826
pushcli 1655
    0382 1576 1655 1875
rcr2 0582
    0582 3404 3411
readeflags 0544
    0544 1659 1668 2763 7358
read_head 4588
    4588 4620
readi 5302
    0303 1933 5302 5420 5466
    5775 6058 6059 6429 6440
readmbr 4802
    0288 4802 4970
readsb 4785
    0287 4563 4785 4884 4971
    5010 5033 5118
readsect 9260
    9260 9295
readseg 9279
    9214 9227 9238 9279
recover_from_log 4618
    4552 4567 4618
REDIR 8558
    8558 8630 8770 9071
redircmd 8575 8764
    8575 8613 8631 8764 8766
    8975 8978 8981 9059 9072
REG_ID 7510
    7510 7560
REG_TABLE 7512
    7512 7567 7568 7581 7582
REG_VER 7511
    7511 7559
release 1602
    0381 1602 1605 2464 2470
    2589 2677 2684 2735 2777
    2787 2819 2832 2868 2886
    2890 3081 3098 3369 3726
    3731 3744 4211 4231 4283
    4378 4394 4443 4639 4668
    4677 4740 5065 5081 5093
    5117 5145 5166 5175 5683
    5687 5708 5722 5728 6622
    6625 6638 6647 6658 6669
    8001 8163 8181 8201 8216
ROOTDEV 0157
    0157 2794
ROOTINO 3904
    3904 5561
run 3014
    2911 3014 3015 3021 3067
    3077 3090
runcmd 8606
    8606 8620 8637 8643 8645
    8659 8666 8677 8725
RUNNING 2350
    2350 2727 2761 2911 3423
safestrcpy 6782
    0389 2521 2582 6485 6782
sb 4777
    3954 3960 4561 4563 4564
    4565 4777 4785 4789 4860
    4861 4862 4883 4884 4885
    4971 4972 4973 4974 4975
    5008 5010 5011 5012 5032
    5033 5034 5107 5118 5120
    7464 7466 7468
sched 2753
    0366 2641 2753 2758 2760
    2762 2764 2776 2825
scheduler 2708
    0365 1267 2306 2708 2728
    2766
SCROLLLOCK 7714
    7714 7747
SECS 7429
    7429 7452
SECTOR_SIZE 4114
    4114 4182
SECTSIZE 9212
    9212 9273 9286 9289 9294
SEG 0769
    0769 1725 1726 1727 1728
    1731
SEG16 0773
    0773 1876
SEG_ASM 0660
    0660 1190 1191 9184 9185
segdesc 0752
    0509 0512 0752 0769 0773
    1711 2308
seginit 1716
    0417 1223 1255 1716
SEG_KCODE 0741
    0741 1150 1725 3322 3323
    9153
SEG_KCPU 0743
    0743 1731 1734 3266
SEG_KDATA 0742
    0742 1154 1726 1878 3263
    9158
SEG_NULLASM 0654
    0654 1189 9183
SEG_TSS 0746
    0746 1876 1877 1880
SEG_UCODE 0744
    0744 1727 2514
SEG_UDATA 0745
    0745 1728 2515
SETGATE 0921
    0921 3322 3323
setupkvm 1837
    0420 1837 1859 2060 2509
    6434
SHIFT 7708
    7708 7736 7737 7885
skipelem 5515
    5515 5568
sleep 2803
    0367 2689 2803 2806 2809
    2909 3729 4280 4381 4633
    4636 5115 6642 6661 8185
    8479
spinlock 1501
    0257 0367 0377 0379 0380
    0381 0409 1501 1559 1562
    1574 1602 1644 2407 2410
    2803 3009 3019 3308 3313
    4110 4127 4325 4331 4503
    4539 4767 4963 5659 5663
    6557 6562 7908 7921 8306
STA_R 0669 0786
    0669 0786 1190 1725 1727
    9184
start 1125 8408 9111
    1124 1125 1167 1175 1177
    4540 4564 4577 4590 4606
    4688 4973 8407 8408 9110
    9111 9167
startothers 1274
    1208 1236 1274
stat 3854
    0258 0283 0304 3854 4764
    5287 5752 5859 5979 8503
stati 5287
    0304 5287 5756
STA_W 0668 0785
    0668 0785 1191 1726 1728
    1731 9185
STA_X 0665 0782
    0665 0782 1190 1725 1727
    9184
sti 0563
    0563 0565 1673 2714
stosb 0492
    0492 0494 6710 9240
stosl 0501
    0501 0503 6708
strlen 6801
    0390 6466 6467 6801 8719
    8923
strncmp 6758
    0391 5405 6758
strncpy 6768
    0392 5472 6768
STS_IG32 0800
    0800 0927
STS_T32A 0797
    0797 1876
STS_TG32 0801
    0801 0927
sum 7026
    7026 7028 7030 7032 7033
    7045 7092
superblock 3912
    0259 0287 3912 4561 4777
    4785 4883 5008 5032 5107
SVR 7216
    7216 7307
switchkvm 1866
    0429 1254 1860 1866 2729
switchuvm 1873
    0428 1873 1882 2542 2726
    6493
swtch 2958
    0374 2728 2766 2957 2958
syscall 3625
    0400 3357 3507 3625
SYSCALL 8453 8460 8461 8462 8463 8464 8465 8466 8467 8468 8469 8470 8471 8472 8473 8474 8475 8476 8477 8478 8479 8480
    8460 8461 8462 8463 8464
    8465 8466 8467 8468 8469
    8470 8471 8472 8473 8474
    8475 8476 8477 8478 8479
    8480
sys_chdir 6301
    3579 3609 6301
SYS_chdir 3459
    3459 3609
sys_close 5963
    3580 3621 5963
SYS_close 3471
    3471 3621
sys_dup 5917
    3581 3610 5917
SYS_dup 3460
    3460 3610
sys_exec 6325
    3582 3607 6325
SYS_exec 3457
    3457 3607 8412
sys_exit 3666
    3583 3602 3666
SYS_exit 3452
    3452 3602 8417
sys_fork 3660
    3584 3601 3660
SYS_fork 3451
    3451 3601
sys_fstat 5976
    3585 3608 5976
SYS_fstat 3458
    3458 3608
sys_getpid 3689
    3586 3611 3689
SYS_getpid 3461
    3461 3611
sys_kill 3679
    3587 3606 3679
SYS_kill 3456
    3456 3606
sys_link 6002
    3588 3619 6002
SYS_link 3469
    3469 3619
sys_mkdir 6251
    3589 3620 6251
SYS_mkdir 3470
    3470 3620
sys_mknod 6267
    3590 3617 6267
SYS_mknod 3467
    3467 3617
sys_open 6201
    3591 3615 6201
SYS_open 3465
    3465 3615
sys_pipe 6351
    3592 3604 6351
SYS_pipe 3454
    3454 3604
sys_read 5931
    3593 3605 5931
SYS_read 3455
    3455 3605
sys_sbrk 3701
    3594 3612 3701
SYS_sbrk 3462
    3462 3612
sys_sleep 3715
    3595 3613 3715
SYS_sleep 3463
    3463 3613
sys_unlink 6101
    3596 3618 6101
SYS_unlink 3468
    3468 3618
sys_uptime 3738
    3599 3614 3738
SYS_uptime 3464
    3464 3614
sys_wait 3673
    3597 3603 3673
SYS_wait 3453
    3453 3603
sys_write 5951
    3598 3616 5951
SYS_write 3466
    3466 3616
taskstate 0851
    0851 2307
TDCR 7240
    7240 7313
T_DEV 3852
    3852 5307 5357 6278
T_DIR 3850
    3850 5416 5572 6017 6128
    6136 6185 6225 6257 6312
T_FILE 3851
    3851 6171 6214
ticks 3314
    0407 3314 3367 3368 3723
    3724 3729 3743
tickslock 3313
    0409 3313 3325 3366 3369
    3722 3726 3729 3731 3742
    3744
TICR 7238
    7238 7315
TIMER 7230
    7230 7314
TIMER_16BIT 8271
    8271 8277
TIMER_DIV 8266
    8266 8278 8279
TIMER_FREQ 8265
    8265 8266
timerinit 8274
    0403 1235 8274
TIMER_MODE 8268
    8268 8277
TIMER_RATEGEN 8270
    8270 8277
TIMER_SEL0 8269
    8269 8277
T_IRQ0 3179
    3179 3364 3373 3377 3380
    3384 3388 3389 3423 7307
    7314 7327 7567 7581 7647
    7666
TPR 7214
    7214 7343
trap 3351
    3202 3204 3272 3351 3403
    3405 3408
trapframe 0602
    0602 2360 2481 3351
trapret 3277
    2418 2486 3276 3277
T_SYSCALL 3176
    3176 3323 3353 8413 8418
    8457
tvinit 3317
    0408 1230 3317
uart 8315
    8315 8336 8355 8365
uartgetc 8363
    8363 8375
uartinit 8318
    0412 1228 8318
uartintr 8373
    0413 3385 8373
uartputc 8351
    0414 8110 8112 8347 8351
userinit 2502
    0368 1238 2502 2510
uva2ka 2102
    0421 2102 2126
V2P 0217
    0217 1830 1831
V2P_WO 0220
    0220 1036 1046
VER 7213
    7213 7323
wait 2653
    0369 2653 3675 8462 8534
    8644 8670 8671 8726
waitdisk 9251
    9251 9263 9272
wakeup 2864
    0370 2864 3368 4224 4441
    4666 4676 5144 5172 6616
    6619 6641 6646 6668 8157
wakeup1 2853
    2420 2628 2635 2853 2867
walkpgdir 1754
    1754 1787 1926 1992 2033
    2063 2106
write_head 4604
    4604 4623 4705 4708
writei 5352
    0305 5352 5474 5826 6134
    6135
write_log 4683
    4683 4704
xchg 0569
    0569 1266 1583 1619
YEAR 7434
    7434 7457
yield 2772
    0371 2772 3424
